[[[ 73.5         98.          36.28       ...  16.6          0.
   111.        ]
  [ 82.          98.          36.28       ...  16.6          0.
   108.        ]
  [ 70.         100.          36.28       ...  16.23846154   0.
   105.        ]
  ...
  [ 67.          95.          36.61       ...  14.2          0.
    86.        ]
  [ 67.          95.          36.61       ...  14.2          0.
    86.        ]
  [ 67.          95.          36.61       ...  14.2          0.
    86.        ]]

 [[ 49.5         99.          35.6        ...  13.1        447.
   160.        ]
  [ 53.         100.          36.05       ...  13.1        447.
   160.        ]
  [ 53.         100.          36.4        ...  13.02173913 447.
   155.55555556]
  ...
  [ 70.          97.          36.83       ...  11.3        447.
   135.        ]
  [ 70.          97.          36.83       ...  11.3        447.
   135.        ]
  [ 70.          97.          36.83       ...  11.3        447.
   135.        ]]

 [[ 82.          95.          36.33       ...   3.3          0.
    48.        ]
  [ 64.          98.          36.33       ...   3.3          0.
    48.        ]
  [ 62.5         97.5         36.33       ...   3.3          0.
    48.        ]
  ...
  [ 77.          97.          37.22       ...   3.4          0.
    46.        ]
  [ 77.          97.          37.22       ...   3.4          0.
    46.        ]
  [ 77.          97.          37.22       ...   3.4          0.
    46.        ]]

 ...

 [[ 81.          97.          36.94       ...   0.           0.
     0.        ]
  [ 81.          97.          36.94       ...   0.           0.
     0.        ]
  [ 80.          93.          36.94       ...   0.           0.
     0.        ]
  ...
  [ 86.          95.          36.06       ...   0.           0.
     0.        ]
  [ 86.          95.          36.06       ...   0.           0.
     0.        ]
  [ 86.          95.          36.06       ...   0.           0.
     0.        ]]

 [[ 89.          95.          36.44       ...   6.6          0.
    88.        ]
  [ 68.          97.          36.464      ...   6.6          0.
    88.        ]
  [ 68.          99.          36.488      ...   6.6          0.
    88.        ]
  ...
  [ 89.         100.          36.67       ...   6.6          0.
    88.        ]
  [ 89.         100.          36.67       ...   6.6          0.
    88.        ]
  [ 89.         100.          36.67       ...   6.6          0.
    88.        ]]

 [[122.          96.          37.22       ...  12.5        593.
   540.        ]
  [122.          96.          37.22       ...  12.5        593.
   540.        ]
  [126.          97.          37.22       ...  12.5        593.
   540.        ]
  ...
  [ 98.          98.          35.83       ...   7.5        593.
   500.        ]
  [ 98.          98.          35.83       ...   7.5        593.
   500.        ]
  [ 96.          97.          35.83       ...   7.5        593.
   500.        ]]]
