[[[ 61.          97.          36.28       ...  15.51538462   0.
    99.        ]
  [ 63.         100.          36.33       ...  15.15384615   0.
    97.5       ]
  [ 70.         100.          36.37238095 ...  14.79230769   0.
    96.        ]
  ...
  [ 70.          96.          36.45714286 ...  14.06923077   0.
    93.        ]
  [ 80.          96.          36.49952381 ...  13.70769231   0.
    91.5       ]
  [ 80.          96.          36.54190476 ...  13.34615385   0.
    90.        ]]

 [[ 70.         100.          36.78       ...  11.3        447.
   135.        ]
  [ 70.         100.          36.7925     ...  11.3        447.
   135.        ]
  [ 70.          98.          36.805      ...  11.3        447.
   135.        ]
  ...
  [ 67.          99.          36.83       ...  11.3        447.
   135.        ]
  [ 69.         100.          36.83       ...  11.3        447.
   135.        ]
  [ 70.          97.          36.83       ...  11.3        447.
   135.        ]]

 [[ 88.          94.          36.6825     ...   3.4          0.
    46.        ]
  [ 72.          96.          36.67       ...   3.4          0.
    46.        ]
  [ 70.          91.          36.8075     ...   3.4          0.
    46.        ]
  ...
  [ 74.          94.          37.0825     ...   3.4          0.
    46.        ]
  [ 68.          96.          37.22       ...   3.4          0.
    46.        ]
  [ 72.5         96.5         37.22       ...   3.4          0.
    46.        ]]

 ...

 [[ 77.          94.          36.988      ...   0.           0.
     0.        ]
  [ 73.          93.          37.         ...   0.           0.
     0.        ]
  [ 77.          93.          36.805      ...   0.           0.
     0.        ]
  ...
  [ 79.          93.          36.5        ...   0.           0.
     0.        ]
  [ 88.          93.          36.39       ...   0.           0.
     0.        ]
  [ 86.          92.          36.28       ...   0.           0.
     0.        ]]

 [[ 89.          95.          36.44       ...   6.6          0.
    88.        ]
  [ 68.          97.          36.464      ...   6.6          0.
    88.        ]
  [ 68.          99.          36.488      ...   6.6          0.
    88.        ]
  ...
  [ 73.          97.          36.536      ...   6.6          0.
    88.        ]
  [ 80.          99.          36.56       ...   6.6          0.
    88.        ]
  [ 79.         100.          36.56       ...   6.6          0.
    88.        ]]

 [[125.          97.          37.22       ...  12.5        593.
   540.        ]
  [130.          96.          37.22       ...  12.5        593.
   540.        ]
  [131.          96.          37.235      ...  12.5        593.
   540.        ]
  ...
  [126.          97.5         37.265      ...  12.5        593.
   540.        ]
  [122.          97.5         37.28       ...  12.5        593.
   540.        ]
  [120.5         96.5         37.155      ...  12.5        593.
   540.        ]]]
