[[[ 80.    100.     36.11  ...  16.7     0.    258.   ]
  [ 80.    100.     36.11  ...  16.7     0.    258.   ]
  [ 80.    100.     36.11  ...  16.7     0.    258.   ]
  ...
  [ 80.    100.     36.11  ...  16.7     0.    258.   ]
  [ 80.    100.     36.11  ...  16.7     0.    258.   ]
  [ 80.    100.     36.11  ...  16.7     0.    258.   ]]

 [[ 76.    100.     36.17  ...  12.5     0.    215.   ]
  [ 76.    100.     36.17  ...  12.5     0.    215.   ]
  [ 76.    100.     36.17  ...  12.5     0.    215.   ]
  ...
  [ 76.    100.     36.17  ...  12.5     0.    215.   ]
  [ 76.    100.     36.17  ...  12.5     0.    215.   ]
  [ 77.    100.     36.805 ...  12.5     0.    215.   ]]

 [[ 70.     99.      0.    ...   0.      0.      0.   ]
  [ 70.     99.      0.    ...   0.      0.      0.   ]
  [ 70.     99.      0.    ...   0.      0.      0.   ]
  ...
  [ 70.     99.      0.    ...   0.      0.      0.   ]
  [ 70.     99.      0.    ...   0.      0.      0.   ]
  [ 70.     99.      0.    ...   0.      0.      0.   ]]

 ...

 [[ 66.    100.     36.83  ...   9.5     0.    124.   ]
  [ 66.    100.     36.83  ...   9.5     0.    124.   ]
  [ 66.    100.     36.83  ...   9.5     0.    124.   ]
  ...
  [ 66.    100.     36.83  ...   9.5     0.    124.   ]
  [ 66.    100.     36.83  ...   9.5     0.    124.   ]
  [ 66.    100.     36.83  ...   9.5     0.    124.   ]]

 [[115.    100.     37.94  ...  27.5     0.    211.   ]
  [115.    100.     37.94  ...  27.5     0.    211.   ]
  [115.    100.     37.94  ...  27.5     0.    211.   ]
  ...
  [115.    100.     37.94  ...  27.5     0.    211.   ]
  [111.    100.     37.89  ...  27.6     0.    210.5  ]
  [105.    100.     37.83  ...  27.7     0.    210.   ]]

 [[ 76.5   100.     37.    ...   8.      0.    266.   ]
  [ 76.5   100.     37.    ...   8.      0.    266.   ]
  [ 76.5   100.     37.    ...   8.      0.    266.   ]
  ...
  [ 76.5   100.     37.    ...   8.      0.    266.   ]
  [ 73.    100.     37.    ...   8.      0.    266.   ]
  [ 76.    100.     37.    ...   8.      0.    266.   ]]]
